4932
-0.9966365695	-0.0602445640	0.0555520505	0.0000000000
-0.0631141737	0.9966800213	-0.0514353029	0.0000000000
-0.0522689223	-0.0547684282	-0.9971300364	0.0000000000
-0.0271275900	0.0981583521	2.3408987522	1.0000000000
-0.0000989764	-0.0032386240	-0.0827057883	0.2123168707	0.1057694778	0.1873726249	0.1479027122	-0.0401038826	-0.1500433087	-0.0163526237	-0.1762855500	-0.0041702245	0.2019692808	0.0439443663	0.1512226462	0.1048471406	0.0284973718	0.0378877036	-0.1852265149	-0.2179845721	0.0586487502	-0.0481060445	0.0429685526	0.0809330940	-0.2128075063	-0.1739185005	-0.0516353697	-0.0889503658	-0.0736749470	-0.0310135446	0.1154704615	0.1039365083	0.3399818540	-0.0359204523	0.0438579619	-0.1443063468	-0.0307636298	-0.0829646215	0.1248576939	0.0877224356	0.1459391266	-0.1296577007	-0.0793439746	-0.1869098991	-0.0561041273	-0.1461703181	-0.0484684147	0.0792543888	-0.1709174812	-0.0223330110	-0.0582152121	-0.1000729501	0.1605068892	-0.1817299575	0.2719515264	0.0103564020	-0.2160378247	-0.0905605257	-0.0115117021	0.0467478968	0.0395357683	-0.0580405891	-0.0500558726	-0.0165791959	-0.0863287151	-0.0481580272	-0.0732251108	0.0402562730	0.0204235874	0.2062505633	0.3434047997	0.1668489277	0.1067947745	0.1201103628	0.0174280312	-0.0353348106	
0.5152447224	0.3740346432	0.5209134221	-0.1574160308	-0.2178414911	-0.2881010175	0.0417303890	-0.1342208833	-0.3700006008	-0.0148420502	-0.0347566567	-0.0441427976	-0.0520952418	-0.0325218104	-0.0329185612	0.0191180389	0.1734248400	0.2472153306	0.1694529951	0.1367263198	0.1874995530	0.0275526140	0.0678498596	0.0862660483	-0.0546066202	-0.0205590855	-0.0202205628	

4933
-0.9967169166	-0.0607436113	0.0535313562	0.0000000000
-0.0634020567	0.9967623353	-0.0494467877	0.0000000000
-0.0503544621	-0.0526784472	-0.9973411560	0.0000000000
-0.0273404270	0.0981375054	2.3434143066	1.0000000000
-0.0001058379	0.0041367402	-0.0773546323	0.2114556581	0.1093567535	0.1823511571	0.1507716328	-0.0372341834	-0.1443738639	-0.0120826522	-0.1757312566	-0.0070735645	0.2004804462	0.0432705209	0.1540428698	0.1022049561	0.0365133062	0.0379993170	-0.1895959377	-0.2229783684	0.0627704337	-0.0490977839	0.0352646112	0.0837296993	-0.2117338777	-0.1734766960	-0.0562852547	-0.0854780525	-0.0716981292	-0.0339858122	0.1135773063	0.1045043245	0.3176461756	-0.0412122570	0.0341702774	-0.1410399377	-0.0348751917	-0.0863314196	0.1217542589	0.0862556249	0.1517723650	-0.1186443269	-0.0781775340	-0.1794783622	-0.0624879897	-0.1436232179	-0.0533255711	0.0684062093	-0.1708018631	-0.0238305535	-0.0587781407	-0.1054847687	0.1561879218	-0.1846183538	0.2655372024	0.0115493340	-0.2167460173	-0.0888193920	-0.0072717816	0.0506439358	0.0351466537	-0.0562374592	-0.0469733775	-0.0172792524	-0.0806647837	-0.0503342301	-0.0703041479	0.0444857478	0.0269653425	0.2040666938	0.3458805680	0.1758792102	0.1138792485	0.1218650118	0.0341252722	-0.0296867248	
0.5151725411	0.3743929267	0.5207934380	-0.1588584483	-0.2197893560	-0.2899114192	0.0417391211	-0.1345844418	-0.3696723580	-0.0157932378	-0.0348450802	-0.0431344733	-0.0543419607	-0.0347949527	-0.0363394581	0.0206196532	0.1758092344	0.2495517731	0.1693866998	0.1367167681	0.1875387728	0.0265037566	0.0669401288	0.0840516463	-0.0541443937	-0.0206675716	-0.0204666425	

4934
-0.9962428212	-0.0639894009	0.0583574213	0.0000000000
-0.0671319440	0.9963044524	-0.0535799898	0.0000000000
-0.0547132045	-0.0572963282	-0.9968568087	0.0000000000
-0.0279328264	0.0976458937	2.3465995789	1.0000000000
0.0004249873	0.0442266464	-0.0765902027	0.1874997467	0.0877469108	0.2175316215	0.1436031759	-0.0142822834	-0.1681750864	-0.0187600702	-0.1547470987	-0.0045369924	0.1967353225	0.0489083603	0.1623760611	0.1059805602	0.0191274621	0.0230782963	-0.2083135098	-0.2110325396	0.0248224884	-0.0776537657	0.0412470251	0.0801588818	-0.2335491329	-0.1467964202	-0.0730337128	-0.0758384317	-0.0708018467	-0.0424923152	0.1196253300	0.0950245485	0.2961362600	-0.0564012788	-0.0060341763	-0.1165844500	-0.0343766436	-0.0811660737	0.1142888516	0.0941347480	0.1698297113	-0.0822615847	-0.0821371600	-0.1786933839	-0.0628819168	-0.1143255681	-0.0510089695	-0.0080163376	-0.2396459132	-0.0528026260	-0.0757944062	-0.0935254097	0.1198178753	-0.1958286315	0.2609304190	-0.0066264728	-0.1715231836	-0.0803070962	-0.0327970758	0.0835054219	0.0022018799	-0.0427919254	-0.0364984795	0.0064824531	-0.0766820610	-0.0712708309	-0.0806330591	0.0472739749	0.0309071690	0.2059760094	0.3547202349	0.1599557698	0.0798222125	0.1021856144	0.0097972453	-0.0485868305	
0.5159901977	0.3746778071	0.5214397311	-0.1607907861	-0.2178442925	-0.2898779213	0.0419635847	-0.1357409358	-0.3693121672	-0.0186407212	-0.0358108506	-0.0431959108	-0.0506179556	-0.0309492201	-0.0297696535	0.0180385504	0.1695216745	0.2416299134	0.1673039645	0.1365800351	0.1872628778	0.0294875484	0.0647992119	0.0843131319	-0.0521955565	-0.0194596089	-0.0212923959	

4935
-0.9960469007	-0.0641780719	0.0614152551	0.0000000000
-0.0676782057	0.9960937500	-0.0567169860	0.0000000000
-0.0575353652	-0.0606492497	-0.9964995384	0.0000000000
-0.0282067843	0.0973113701	2.3474483490	1.0000000000
-0.0003855267	0.0520513393	-0.0890499055	0.1553390324	0.0906889066	0.1987252384	0.1292819828	-0.0136469509	-0.1341858953	-0.0242179781	-0.1537646353	-0.0050928034	0.1906494945	0.0475170165	0.1738482565	0.1026843488	0.0135649079	0.0284841694	-0.1981841624	-0.2097253054	0.0529115945	-0.0648474246	0.0422844961	0.0844132751	-0.2333435267	-0.1419414282	-0.0841092914	-0.0771667808	-0.0721025020	-0.0503011346	0.1148105264	0.1343862712	0.3089729548	-0.0527195223	-0.0221704189	-0.1456498951	-0.0416016802	-0.0522998609	0.1096986607	0.1085445881	0.1821005344	-0.0534094125	-0.0823033452	-0.1993925124	-0.0768456459	-0.1084865332	-0.0732614845	-0.0228396207	-0.2067214698	-0.0454439372	-0.0650907159	-0.0782911405	0.1476018727	-0.1868974268	0.2433615327	0.0046717874	-0.1835399270	-0.0665579438	-0.0280506313	0.1038073003	0.0130867595	-0.0435407870	-0.0307880677	0.0001029982	-0.0759581476	-0.0898314342	-0.0776655078	0.0782627240	0.0267769769	0.2068960220	0.3522212207	0.1526246965	0.0642802864	0.0864598379	0.0129120098	-0.0631776229	
0.5154086947	0.3736830652	0.5187280178	-0.1649468988	-0.2178125829	-0.2916423976	0.0411588997	-0.1374278367	-0.3709892035	-0.0220921487	-0.0375166088	-0.0463617183	-0.0532651022	-0.0337491967	-0.0355172008	0.0220518429	0.1651995629	0.2438750565	0.1676846743	0.1376336217	0.1893730909	0.0268251449	0.0647358745	0.0832565501	-0.0503748916	-0.0169294626	-0.0178648718	

4936
-0.9959516525	-0.0632621124	0.0638614595	0.0000000000
-0.0670741946	0.9959767461	-0.0594265349	0.0000000000
-0.0598450750	-0.0634694099	-0.9961878657	0.0000000000
-0.0283481125	0.0971059576	2.3476910591	1.0000000000
-0.0001263703	0.0571741350	-0.0903064162	0.1732470989	0.0808049217	0.1769013852	0.1192125976	-0.0175032131	-0.1513735354	-0.0356469601	-0.1536637694	-0.0049508638	0.1878039390	0.0424821302	0.1859888285	0.1047358513	0.0013259086	0.0383628756	-0.1920171380	-0.1781060100	0.0685358122	-0.0543473586	0.0331607610	0.0663788244	-0.2457963079	-0.1514365375	-0.1004884019	-0.0746398941	-0.0933019072	-0.0546277687	0.1174446940	0.1183044612	0.3796085715	-0.0452528000	-0.0359779634	-0.1480915546	-0.0568467565	-0.0365254991	0.1078714058	0.1252429783	0.1839970350	-0.0740352049	-0.0915995166	-0.1902708262	-0.0794084966	-0.0646768659	-0.0627027899	0.0015117135	-0.1778155863	-0.0392534062	-0.0877302438	-0.0704623982	0.1450818479	-0.1829869896	0.2340779901	0.0080501931	-0.1980109066	-0.0591715351	-0.0338849761	0.1157934666	0.0082881628	-0.0356755331	-0.0290830228	-0.0057527577	-0.0803947896	-0.0900831595	-0.0664079785	0.0860833973	0.0196087081	0.2051318735	0.3465598524	0.1345280558	0.0492401794	0.0959544182	0.0069423080	-0.0529782996	
0.5142750144	0.3730781078	0.5174708962	-0.1683106273	-0.2161771804	-0.2894942760	0.0398735590	-0.1390669793	-0.3719202876	-0.0240758657	-0.0389184169	-0.0489364117	-0.0573289767	-0.0323949046	-0.0316774324	0.0272874981	0.1685038209	0.2415458113	0.1679556519	0.1379474849	0.1898247153	0.0301555991	0.0659629405	0.0851267278	-0.0515186116	-0.0157499947	-0.0172192529	

4937
-0.9958851933	-0.0616786741	0.0663968027	0.0000000000
-0.0658235699	0.9958931208	-0.0621618517	0.0000000000
-0.0622900613	-0.0662765354	-0.9958550930	0.0000000000
-0.0284199230	0.0969667733	2.3455812931	1.0000000000
0.0000904010	0.0678238571	-0.0826026276	0.1684828401	0.0769223347	0.1874894649	0.1268612593	-0.0153293507	-0.1438938081	-0.0408572815	-0.1669615209	0.0009267045	0.1869253218	0.0403181650	0.1904051900	0.0963591710	0.0044434085	0.0391235389	-0.1728355289	-0.1673319489	0.0827161372	-0.0343871266	0.0512779579	0.0943598002	-0.2547832727	-0.1637440473	-0.1201975122	-0.0845873281	-0.0626186803	-0.0271945745	0.1145519614	0.1057478413	0.4232220650	-0.0407536328	-0.0281286798	-0.1361243129	-0.0522755608	-0.0316882655	0.0936510339	0.1160225421	0.1815450639	-0.0778377876	-0.1031453982	-0.1648892313	-0.0865108669	-0.0432015955	-0.0779925957	-0.0072552161	-0.1592172533	-0.0337652527	-0.1073547080	-0.0678029805	0.1627736986	-0.1978725642	0.2065665871	0.0044939341	-0.1952354908	-0.0628721640	-0.0298085306	0.1256630123	0.0105984807	-0.0334205106	-0.0243064873	0.0071490891	-0.0812867433	-0.0955842286	-0.0638079718	0.1000137031	0.0109798778	0.1989089400	0.3556995690	0.1147947237	0.0460428782	0.0888409317	-0.0082169157	-0.0460030623	
0.5167563558	0.3743278682	0.5210908055	-0.1684618592	-0.2163605094	-0.2897971570	0.0416435115	-0.1390383244	-0.3695196509	-0.0244616512	-0.0408806615	-0.0491765514	-0.0557464138	-0.0305623617	-0.0278604496	0.0261923838	0.1678316146	0.2394549847	0.1669756770	0.1384943724	0.1884959042	0.0249978937	0.0674031898	0.0830747187	-0.0554536693	-0.0192652568	-0.0218800623	

4938
-0.9957876205	-0.0615603775	0.0679514110	0.0000000000
-0.0659366176	0.9957591295	-0.0641570091	0.0000000000
-0.0637137070	-0.0683672354	-0.9956236482	0.0000000000
-0.0284048822	0.0968902931	2.3440034389	1.0000000000
0.0000057054	0.0536949001	-0.0801461712	0.1694522202	0.0832272768	0.1871214360	0.1282423586	-0.0176622905	-0.1440966129	-0.0358322039	-0.1817848831	0.0044718748	0.1865398437	0.0388870575	0.1922784895	0.0997544900	0.0117747625	0.0384427905	-0.1622197032	-0.1665596366	0.0844489262	-0.0365513414	0.0438334085	0.0961591750	-0.2431778759	-0.1700996161	-0.1248321459	-0.0957065970	-0.0660457835	-0.0260139629	0.1147799268	0.1068497151	0.4412539601	-0.0360213965	-0.0199740659	-0.1242605671	-0.0417349488	-0.0167885553	0.0960690677	0.1203585640	0.1818501949	-0.0695167482	-0.1021851748	-0.1641476303	-0.0817403793	-0.0389353707	-0.0874024257	0.0073745400	-0.1687742025	-0.0318071321	-0.1161497980	-0.0516135506	0.1736806780	-0.1910656691	0.2078969330	-0.0028997413	-0.1945780963	-0.0564474985	-0.0308687463	0.1253008693	0.0152203450	-0.0396337025	-0.0131882709	-0.0079542203	-0.0812042281	-0.0997072905	-0.0637483001	0.1055382118	0.0012082644	0.1998354495	0.3598058522	0.1104278937	0.0408436507	0.0861271247	-0.0280886628	-0.0524890274	
0.5170025229	0.3756014109	0.5214455128	-0.1705334187	-0.2188937515	-0.2934895456	0.0417189375	-0.1392022520	-0.3698587716	-0.0240763146	-0.0403159037	-0.0489027463	-0.0570871718	-0.0311078206	-0.0322745778	0.0289485566	0.1668900400	0.2440845966	0.1676388979	0.1379274279	0.1879259050	0.0239665899	0.0645454004	0.0836478621	-0.0570012406	-0.0201260932	-0.0239696968	

4939
-0.9957271218	-0.0603847317	0.0698654130	0.0000000000
-0.0651022866	0.9956036806	-0.0673416257	0.0000000000
-0.0654918551	-0.0716022849	-0.9952808619	0.0000000000
-0.0284009855	0.0967170820	2.3430919647	1.0000000000
0.0000090275	0.0452281646	-0.0740496963	0.1617906541	0.1015067399	0.1937808096	0.1111741066	-0.0275877547	-0.1702457964	-0.0241584349	-0.1906022280	0.0117824338	0.1898293495	0.0404301360	0.1997331381	0.0973025411	0.0204198007	0.0294446591	-0.1430778503	-0.1807862222	0.0500538349	-0.0488379858	0.0649745315	0.0890024379	-0.2404979765	-0.1624386609	-0.1103020385	-0.0934870988	-0.0466800481	-0.0275949799	0.1181085780	0.1123601049	0.4498549402	-0.0449154526	-0.0207726266	-0.1411563903	-0.0333845578	-0.0182060357	0.0883727372	0.1140499637	0.1724886894	-0.0490390696	-0.0952608287	-0.1613170505	-0.0599631220	-0.0334712192	-0.0871082023	-0.0012676250	-0.1880778372	-0.0314977542	-0.1328751445	-0.0510665216	0.1776006520	-0.2019856572	0.2096509486	-0.0060979519	-0.1777817458	-0.0630266145	-0.0247557033	0.1091731265	0.0206982736	-0.0426513180	-0.0153559698	0.0080831498	-0.0857005417	-0.1084718779	-0.0723580420	0.1135018766	-0.0028084780	0.2016685605	0.3657986224	0.1131267846	0.0392071418	0.0809687376	-0.0433668382	-0.0689932480	
0.5184707046	0.3765338361	0.5244216323	-0.1727839559	-0.2223390192	-0.2976553738	0.0421802737	-0.1396020949	-0.3683440685	-0.0234455522	-0.0405200683	-0.0501335971	-0.0532508940	-0.0264022890	-0.0280259717	0.0217255782	0.1635074466	0.2375486642	0.1666449457	0.1378054023	0.1861924380	0.0176780075	0.0616822019	0.0776553378	-0.0596676804	-0.0228982978	-0.0295985434	

4940
-0.9956831336	-0.0594369322	0.0712905750	0.0000000000
-0.0643979311	0.9955056906	-0.0694359317	0.0000000000
-0.0668431148	-0.0737271458	-0.9950358868	0.0000000000
-0.0283478666	0.0966048837	2.3415460587	1.0000000000
0.0001388843	0.0515412576	-0.0818988308	0.1468227357	0.1191822588	0.2090575546	0.1120948717	-0.0090430053	-0.1849809438	-0.0255744699	-0.1774974763	0.0126410257	0.1954751015	0.0407178476	0.1928713769	0.0852498859	0.0081173871	0.0192237608	-0.1533245295	-0.1929592639	0.0562618300	-0.0279123895	0.0452990495	0.0953693166	-0.2513059080	-0.1608281285	-0.0994058028	-0.0896044970	-0.0510683171	-0.0359680168	0.1136510298	0.1180713326	0.4495050311	-0.0510333143	-0.0187359545	-0.1467359513	-0.0475814864	-0.0192863271	0.0947937593	0.1205792949	0.1803185642	-0.0576989315	-0.0939743817	-0.1670811176	-0.0646476001	-0.0481537841	-0.0767721906	-0.0099783670	-0.1934967637	-0.0439194776	-0.1267563701	-0.0576987565	0.1660110354	-0.2029706687	0.2250984162	-0.0089474823	-0.1610126048	-0.0678745434	-0.0366336480	0.1009784490	0.0118977660	-0.0519136190	-0.0243945718	0.0064307116	-0.0921067074	-0.1182042435	-0.0718485042	0.1286172420	-0.0085571399	0.2052507848	0.3745741844	0.1106063202	0.0270603783	0.0788850784	-0.0382909626	-0.0732995197	
0.5171029568	0.3768422008	0.5236052871	-0.1713996530	-0.2237270027	-0.2993071675	0.0400937609	-0.1407175660	-0.3698742986	-0.0229408573	-0.0400208272	-0.0497286320	-0.0562693886	-0.0272027720	-0.0331315920	0.0143338721	0.1605487764	0.2328292727	0.1670687944	0.1370102018	0.1858127862	0.0179640278	0.0622700118	0.0787380785	-0.0626283064	-0.0265106801	-0.0347973518	

4941
-0.9956337810	-0.0584063493	0.0728154033	0.0000000000
-0.0635941178	0.9954406619	-0.0710893348	0.0000000000
-0.0683313385	-0.0754095763	-0.9948086143	0.0000000000
-0.0282679815	0.0965166837	2.3392364979	1.0000000000
0.0002102022	0.0427359752	-0.1000039428	0.1465079486	0.1297376901	0.2054770887	0.1122600809	-0.0152023705	-0.1622036844	-0.0301219635	-0.1752189845	0.0157484598	0.2026480138	0.0389480293	0.1907751113	0.0832575485	0.0014931303	0.0223374888	-0.1391251236	-0.1992576420	0.0554584861	-0.0209873356	0.0439982638	0.0964620858	-0.2605365813	-0.1611344069	-0.0960541964	-0.0891796798	-0.0493656546	-0.0286111888	0.1210486069	0.1147795469	0.4427705407	-0.0556152575	-0.0133948503	-0.1358546764	-0.0458499789	-0.0053416924	0.1029073000	0.1220921427	0.1766181886	-0.0565221161	-0.0984862894	-0.1787959933	-0.0656151623	-0.0548600331	-0.0713194907	-0.0160036087	-0.1898916662	-0.0435832031	-0.1255562901	-0.0595407747	0.1648444980	-0.2078594863	0.2278574854	-0.0064977193	-0.1730536819	-0.0771597326	-0.0420076177	0.1007947624	-0.0010203412	-0.0406734385	-0.0232157875	-0.0003370019	-0.0847628713	-0.1231019348	-0.0713373646	0.1266565472	-0.0155164143	0.2065572590	0.3642698526	0.1157502607	0.0192409381	0.0774331242	-0.0327833779	-0.0795316920	
0.5191721320	0.3782408834	0.5254713297	-0.1656857580	-0.2211483121	-0.2989375591	0.0413166769	-0.1408383399	-0.3687878251	-0.0224796869	-0.0397380181	-0.0488501042	-0.0560833365	-0.0302134547	-0.0297378767	0.0043092761	0.1524908692	0.2292892039	0.1673241109	0.1373440474	0.1853699535	0.0182344206	0.0623648912	0.0809175372	-0.0642756745	-0.0275628679	-0.0346006341	

4942
-0.9955853820	-0.0574979931	0.0741871893	0.0000000000
-0.0629163906	0.9953531623	-0.0728943646	0.0000000000
-0.0696511790	-0.0772401467	-0.9945766926	0.0000000000
-0.0281876791	0.0964264050	2.3368363380	1.0000000000
0.0002252614	0.0502617434	-0.0952679962	0.1441634446	0.1300068200	0.2159415781	0.1155366600	-0.0079010958	-0.1476496458	-0.0332652703	-0.1708744019	0.0177516565	0.2084638923	0.0361341983	0.1919999421	0.0744743869	0.0033296596	0.0279555507	-0.1425078809	-0.1857209951	0.0609064661	-0.0112967473	0.0520824492	0.1080999523	-0.2549010217	-0.1557118446	-0.0921345279	-0.0955327526	-0.0565838367	-0.0254172273	0.1292812526	0.1154944301	0.4395548999	-0.0501627028	-0.0035444628	-0.1346888691	-0.0411950126	-0.0066819061	0.1062803045	0.1255511194	0.1679118127	-0.0370877758	-0.0980186611	-0.1836698502	-0.0517058894	-0.0495316200	-0.0737320930	-0.0250492208	-0.1905614734	-0.0389464162	-0.1142664254	-0.0566431023	0.1663470268	-0.2168059796	0.2267729342	-0.0072565456	-0.1734640002	-0.0862800255	-0.0498069189	0.0881856233	0.0002489975	-0.0346107706	-0.0272526219	-0.0050688228	-0.0793442279	-0.1305176616	-0.0748584941	0.1288654506	-0.0187045727	0.2003313303	0.3703719676	0.1216880977	0.0217703246	0.0800998807	-0.0273630209	-0.0798553973	
0.5190573931	0.3787406385	0.5246471167	-0.1627177745	-0.2210877836	-0.2970927358	0.0407449007	-0.1412726343	-0.3699548244	-0.0247270595	-0.0400378592	-0.0499007143	-0.0551170819	-0.0328613743	-0.0290369820	-0.0030475194	0.1529089212	0.2276384532	0.1676127613	0.1374245435	0.1858753711	0.0196249541	0.0627515465	0.0785727948	-0.0652606711	-0.0281371530	-0.0346115790	

4943
-0.9956045151	-0.0560542792	0.0750307292	0.0000000000
-0.0616260543	0.9953426719	-0.0741290748	0.0000000000
-0.0705260336	-0.0784270838	-0.9944220781	0.0000000000
-0.0280703399	0.0963509679	2.3363239765	1.0000000000
-0.0000515540	0.0402210020	-0.0946024135	0.1435778141	0.1114508212	0.2079460621	0.0976277739	-0.0018132670	-0.1567104161	-0.0306061879	-0.1668654978	0.0219232142	0.2113442123	0.0383981839	0.1916646659	0.0889937133	0.0045872768	0.0310061816	-0.1376814991	-0.1775629520	0.0412174724	-0.0312443096	0.0525426455	0.1111481190	-0.2476204783	-0.1655796021	-0.1019308120	-0.0930688754	-0.0424634889	-0.0259908810	0.1311711669	0.1107160002	0.4238535464	-0.0551745817	-0.0041166283	-0.1193150282	-0.0448795035	0.0054783011	0.1000701115	0.1192804500	0.1594542265	-0.0361931734	-0.0990290716	-0.1762795895	-0.0556447320	-0.0562808439	-0.0936202556	-0.0362226740	-0.1959679872	-0.0492206849	-0.1191460192	-0.0625503585	0.1599765271	-0.2079605609	0.2398017645	-0.0015941103	-0.1627477705	-0.0939431638	-0.0452058092	0.0955787674	0.0024038176	-0.0349525362	-0.0279054828	-0.0038899132	-0.0792189538	-0.1258381903	-0.0761091858	0.1373901665	-0.0201266799	0.2112417668	0.3896165192	0.1233834699	0.0251855701	0.0801962987	-0.0220171362	-0.0810200199	
0.5191929340	0.3788409829	0.5256296396	-0.1598099470	-0.2216527015	-0.2975508273	0.0401637740	-0.1422521472	-0.3695851564	-0.0261378139	-0.0412873663	-0.0529263802	-0.0571966022	-0.0327188633	-0.0281215943	-0.0070776236	0.1544025540	0.2276064008	0.1667286009	0.1376450211	0.1852416843	0.0205020010	0.0632537529	0.0858026147	-0.0659240186	-0.0287090652	-0.0361934491	

4944
-0.9956384301	-0.0540801622	0.0760217682	0.0000000000
-0.0598488227	0.9953274131	-0.0757719725	0.0000000000
-0.0715687945	-0.0799913108	-0.9942229390	0.0000000000
-0.0279498287	0.0962481797	2.3360979557	1.0000000000
0.0000247956	0.0419206321	-0.0852135122	0.1376897693	0.1089681610	0.2169619501	0.1028644890	0.0057486659	-0.1504830271	-0.0383462757	-0.1678896397	0.0253268387	0.2116900682	0.0399263911	0.1895453483	0.0900257379	0.0017826452	0.0282164887	-0.1382748336	-0.1678144634	0.0479977317	-0.0151756126	0.0606573597	0.1157897562	-0.2433779538	-0.1639277339	-0.1120499372	-0.0960150659	-0.0524600744	-0.0164291710	0.1449086517	0.1100814268	0.4168571532	-0.0617590509	-0.0020635715	-0.1087634712	-0.0497548580	0.0088066403	0.1050340533	0.1174753830	0.1510831118	-0.0287240781	-0.1027118787	-0.1826269329	-0.0711313635	-0.0564862117	-0.0878006071	-0.0373822227	-0.1994116157	-0.0485304780	-0.1148850396	-0.0700986609	0.1482928395	-0.2077601254	0.2342183292	0.0012301912	-0.1499555260	-0.0859677643	-0.0473016724	0.0847595707	0.0027697957	-0.0098469174	-0.0340021588	0.0009303316	-0.0786645412	-0.1288594007	-0.0807766765	0.1383168697	-0.0227447506	0.2107282281	0.3929740787	0.1308673173	0.0300273374	0.0865564421	-0.0251259226	-0.0901176557	
0.5179577470	0.3796577454	0.5237029791	-0.1579659432	-0.2231896520	-0.2969901562	0.0384999104	-0.1433967501	-0.3713603914	-0.0275746845	-0.0424369238	-0.0552557632	-0.0549498834	-0.0288184807	-0.0230065770	-0.0077273697	0.1567742825	0.2310384959	0.1662670076	0.1363417804	0.1855860204	0.0226967167	0.0660632998	0.0854076147	-0.0665571317	-0.0311338082	-0.0357836448	

4945
-0.9956487417	-0.0517806597	0.0774746686	0.0000000000
-0.0577688962	0.9953436852	-0.0771603659	0.0000000000
-0.0731185079	-0.0813002512	-0.9940040112	0.0000000000
-0.0278562270	0.0961691514	2.3352351189	1.0000000000
-0.0000018634	0.0518950894	-0.0839798003	0.1384624541	0.0974206924	0.2112301141	0.0972208530	-0.0068092169	-0.1505923867	-0.0456011444	-0.1729387492	0.0332249217	0.2136726230	0.0431363620	0.1881045401	0.0873351544	0.0012448147	0.0349562839	-0.1253135949	-0.1719381064	0.0230811294	-0.0415048525	0.0577665642	0.1087700352	-0.2445298135	-0.1661765128	-0.1251326203	-0.1018570513	-0.0638069361	-0.0209581666	0.1443349421	0.1035750359	0.4062402546	-0.0531416163	0.0049063936	-0.1179228425	-0.0613602288	0.0053371638	0.1034624353	0.1098007858	0.1413401514	-0.0520221479	-0.1155554354	-0.1772813797	-0.0687659979	-0.0435196236	-0.0989151746	-0.0345464870	-0.2002668083	-0.0517624430	-0.1137990355	-0.0793107077	0.1636514813	-0.2058888972	0.2319675088	0.0047246506	-0.1560996920	-0.0938222483	-0.0385704078	0.0923399031	0.0127948672	0.0004653661	-0.0285549238	0.0035839751	-0.0799338669	-0.1236089915	-0.0786648989	0.1379149556	-0.0212140698	0.2095820457	0.4029626250	0.1424905956	0.0429730564	0.0967357829	-0.0206671581	-0.0831004903	
0.5198001266	0.3803242147	0.5262076259	-0.1561137736	-0.2212698162	-0.2974421382	0.0396944098	-0.1440261900	-0.3692791462	-0.0294593759	-0.0438836142	-0.0567581914	-0.0544074737	-0.0277633406	-0.0245546978	-0.0099813091	0.1532364488	0.2333800793	0.1665137708	0.1368619204	0.1865399331	0.0259826109	0.0690932199	0.0911530107	-0.0689881891	-0.0314779766	-0.0382696912	

4946
-0.9956164956	-0.0502884053	0.0788595378	0.0000000000
-0.0564746112	0.9953301549	-0.0782845914	0.0000000000
-0.0745544657	-0.0823949948	-0.9938071370	0.0000000000
-0.0277879275	0.0961091444	2.3351318836	1.0000000000
-0.0001895091	0.0553378500	-0.0803838074	0.1396458298	0.0941411033	0.2025355995	0.1059012190	-0.0090702847	-0.1442601532	-0.0374213606	-0.1759520620	0.0350156538	0.2193094343	0.0384441800	0.1890552938	0.0893973410	0.0060934434	0.0402973220	-0.1254437417	-0.1695977598	0.0517885052	-0.0346799679	0.0486332625	0.1137817129	-0.2397464812	-0.1746233702	-0.1242749467	-0.1066097841	-0.0520529784	-0.0186878797	0.1348600984	0.1085990816	0.4032368958	-0.0434360281	0.0059853098	-0.1111771762	-0.0584482551	0.0003307313	0.1093376428	0.1048767939	0.1447510272	-0.0566629469	-0.1199794784	-0.1780048311	-0.0609992966	-0.0452431887	-0.1011486724	-0.0282735880	-0.1953673512	-0.0549029186	-0.1135329008	-0.0813166350	0.1689267159	-0.2165367454	0.2207681686	-0.0050419513	-0.1636623889	-0.0787231326	-0.0337086916	0.0733260959	0.0190043952	-0.0078844065	-0.0221010651	-0.0048810141	-0.0769832879	-0.1206844151	-0.0741895884	0.1437679976	-0.0210883878	0.2072526664	0.3943838775	0.1595181972	0.0548236482	0.1126874611	-0.0096263876	-0.0845033079	
0.5200172663	0.3805719316	0.5257580876	-0.1561461538	-0.2193248868	-0.2959293425	0.0390852988	-0.1449993998	-0.3698115051	-0.0302964002	-0.0449692495	-0.0582651123	-0.0544374213	-0.0270190947	-0.0246850047	-0.0082593607	0.1514676511	0.2328900993	0.1660978794	0.1372965425	0.1868634373	0.0274854936	0.0705175400	0.0945419893	-0.0689975917	-0.0304721631	-0.0366615914	

4947
-0.9955314994	-0.0489078537	0.0807779059	0.0000000000
-0.0553418025	0.9953029156	-0.0794323683	0.0000000000
-0.0765136108	-0.0835478231	-0.9935619831	0.0000000000
-0.0278057717	0.0960110575	2.3343713284	1.0000000000
0.0004917522	0.0510487072	-0.0912559107	0.1502956897	0.1008360013	0.2193452567	0.1023449823	0.0052074119	-0.1297905892	-0.0280676894	-0.1747788191	0.0404630080	0.2145956159	0.0337146893	0.1921234876	0.0718934014	0.0039719953	0.0402484611	-0.1217637509	-0.1610314697	0.0710409135	-0.0371218584	0.0381865054	0.1112072915	-0.2321524173	-0.1658823490	-0.1233411282	-0.1105623320	-0.0414483212	-0.0285191759	0.1374278218	0.1151586398	0.4152827263	-0.0458285958	0.0101095540	-0.1059555784	-0.0311267115	-0.0037015518	0.1193815023	0.1008005813	0.1312814057	-0.0416870676	-0.1143393070	-0.1766822636	-0.0733016878	-0.0468155071	-0.1019517183	-0.0084315296	-0.1754461080	-0.0478639677	-0.1080283299	-0.0884716511	0.1728753448	-0.2203181684	0.2166868597	-0.0176783577	-0.1782777607	-0.0892734826	-0.0255319271	0.0597713180	0.0175555013	-0.0100659216	-0.0314368792	-0.0175553244	-0.0705136955	-0.1185414121	-0.0756084174	0.1382269859	-0.0171309672	0.2018495053	0.3856367171	0.1686974466	0.0743242279	0.1241090745	-0.0173124801	-0.0979798436	
0.5205101967	0.3805007041	0.5253402591	-0.1558629721	-0.2182932049	-0.2977867723	0.0398575217	-0.1451822966	-0.3692713380	-0.0315865465	-0.0455925018	-0.0598109737	-0.0510969684	-0.0249572508	-0.0215191077	-0.0092350459	0.1525342166	0.2364079058	0.1664691269	0.1382327378	0.1879597008	0.0316309035	0.0727286786	0.0980061814	-0.0677540228	-0.0283493008	-0.0357098952	

4948
-0.9953657985	-0.0481763259	0.0832220316	0.0000000000
-0.0548945703	0.9952482581	-0.0804207250	0.0000000000
-0.0789522082	-0.0846164748	-0.9932807088	0.0000000000
-0.0278634764	0.0959659219	2.3322441578	1.0000000000
-0.0000047835	0.0444889218	-0.0856981575	0.1444453597	0.0937982798	0.2124132514	0.1063740477	-0.0018976142	-0.1196705848	-0.0196556803	-0.1750574112	0.0421010181	0.2108083814	0.0348517224	0.2003250569	0.0625930950	0.0083451681	0.0418476760	-0.1206522286	-0.1653781533	0.0671809986	-0.0346765891	0.0321817696	0.1035266444	-0.2422482967	-0.1654930711	-0.1207212508	-0.1154418886	-0.0390584841	-0.0285812914	0.1396433413	0.1174610183	0.4134625793	-0.0493794084	0.0099668521	-0.1140262932	-0.0226536542	-0.0121867722	0.1076718643	0.1088910997	0.1269309223	-0.0548981763	-0.1109207720	-0.1759542078	-0.0667475536	-0.0491544679	-0.1005665362	-0.0047828797	-0.1760837436	-0.0341283083	-0.0974375010	-0.0880960301	0.1756419986	-0.2127039135	0.2073573768	-0.0127446447	-0.1798497587	-0.0897187889	-0.0308634862	0.0654747486	0.0196496807	-0.0084791621	-0.0321109928	-0.0144303348	-0.0735597610	-0.1164532080	-0.0716983080	0.1357987076	-0.0134966373	0.2086081654	0.3831987083	0.1650879234	0.0714590400	0.1233490631	-0.0257318132	-0.1003169417	
0.5172153711	0.3794109523	0.5229993463	-0.1579097509	-0.2168748081	-0.2962185740	0.0377873890	-0.1466925591	-0.3716682196	-0.0325070880	-0.0462950915	-0.0616218001	-0.0498888157	-0.0248676166	-0.0220781732	-0.0024171155	0.1522970051	0.2334265709	0.1677225530	0.1385857612	0.1882776022	0.0334536545	0.0745499060	0.1044117659	-0.0671613589	-0.0280633625	-0.0366348401	

4949
-0.9951242208	-0.0465084054	0.0869752914	0.0000000000
-0.0536346808	0.9952309132	-0.0814778954	0.0000000000
-0.0827710927	-0.0857455209	-0.9928728938	0.0000000000
-0.0280206539	0.0958653316	2.3307330608	1.0000000000
0.0002974595	0.0403821580	-0.0909658968	0.1538794637	0.0826654136	0.2015247643	0.0987515077	-0.0383530259	-0.1262411475	-0.0236616731	-0.1734776795	0.0382618681	0.2157997787	0.0418431796	0.2110670060	0.0558696054	-0.0008406364	0.0305985883	-0.1212832630	-0.1613500565	0.0502205566	-0.0585304908	0.0292846076	0.0720255449	-0.2444714308	-0.1837190390	-0.1097061336	-0.1110415235	-0.0560145676	-0.0349215716	0.1274047941	0.1110392511	0.4053277969	-0.0584262833	-0.0001251060	-0.1119864434	-0.0182059109	-0.0312654227	0.0935416669	0.1061022207	0.1329099834	-0.0690343231	-0.1004085168	-0.1780006886	-0.0517631620	-0.0195644516	-0.0819445625	0.0125501314	-0.1798783988	-0.0215149615	-0.0815151408	-0.0971776396	0.1863980293	-0.2070850581	0.2245709896	-0.0117683839	-0.1733965576	-0.0670526847	-0.0253092200	0.0639144480	0.0083264522	-0.0127280448	-0.0248235315	-0.0136272032	-0.0797064751	-0.1155856773	-0.0651326478	0.1242872253	-0.0063557001	0.2024935931	0.3655701578	0.1858672500	0.0808921456	0.1265983880	-0.0243639611	-0.1027629375	
0.5186287761	0.3794229925	0.5252147913	-0.1551434547	-0.2128334939	-0.2909018099	0.0396362655	-0.1472098529	-0.3703967929	-0.0319620334	-0.0471094623	-0.0620706491	-0.0496255867	-0.0216420610	-0.0171852298	-0.0020946637	0.1491285861	0.2295950353	0.1679542661	0.1397009045	0.1880680025	0.0353651606	0.0751006976	0.1048939303	-0.0657581240	-0.0275846533	-0.0340998098	

4950
-0.9949009418	-0.0453757457	0.0900729895	0.0000000000
-0.0528507456	0.9951956272	-0.0824166238	0.0000000000
-0.0859005302	-0.0867568031	-0.9925191998	0.0000000000
-0.0281116143	0.0958155543	2.3282690048	1.0000000000
0.0012788454	0.0346558355	-0.0895512551	0.1599386483	0.0740345120	0.1914139539	0.0843528360	-0.0447318852	-0.1226474270	-0.0222070068	-0.1663771421	0.0372593999	0.2176219076	0.0413675383	0.2129705846	0.0573197342	0.0137113603	0.0364782177	-0.1307046711	-0.1536636949	0.0369320028	-0.0583392531	0.0191431455	0.0742167011	-0.2324685454	-0.1767071933	-0.1127107739	-0.1088978574	-0.0597657524	-0.0313606374	0.1247749999	0.1050212458	0.4047693312	-0.0717350990	-0.0035562797	-0.1082331911	-0.0263005719	-0.0302541610	0.0852381885	0.0999399126	0.1384542882	-0.0809463412	-0.1030107439	-0.1658683866	-0.0353604369	-0.0231166147	-0.0906332806	0.0107067842	-0.1785366088	-0.0281877648	-0.0840706080	-0.0988479629	0.1801778376	-0.1956572533	0.2335559130	0.0034674045	-0.1764101088	-0.0478960611	-0.0231935196	0.0608194731	0.0094058774	-0.0067676981	-0.0174474269	-0.0134278610	-0.0748335347	-0.1122476012	-0.0687380582	0.1272476465	-0.0027378844	0.2053195685	0.3524788618	0.1922753006	0.0761073679	0.1295775771	-0.0291717201	-0.1083535850	
0.5160440803	0.3783021867	0.5232866406	-0.1538336277	-0.2114944309	-0.2900660634	0.0373248681	-0.1487800330	-0.3727470934	-0.0320655182	-0.0467843972	-0.0625578985	-0.0490369163	-0.0204970744	-0.0173919685	0.0002473565	0.1482779533	0.2328611463	0.1686670035	0.1407553405	0.1880998760	0.0341960080	0.0744637623	0.1044533327	-0.0672473833	-0.0248888433	-0.0354130864	

4951
-0.9946568012	-0.0445925556	0.0931093469	0.0000000000
-0.0523606315	0.9951958656	-0.0827256590	0.0000000000
-0.0889730901	-0.0871589035	-0.9922132492	0.0000000000
-0.0282065757	0.0957821235	2.3272051811	1.0000000000
0.0008531361	0.0399357304	-0.0983707234	0.1755389869	0.0670458972	0.1945019513	0.0821040645	-0.0407793112	-0.1355205178	-0.0272634774	-0.1691137999	0.0325577930	0.2212942690	0.0421525165	0.2172020227	0.0766126215	0.0061916206	0.0237372983	-0.1158462763	-0.1494569331	0.0248348024	-0.0520796329	0.0207396559	0.0830425099	-0.2303980887	-0.1753962636	-0.1209379584	-0.1103683338	-0.0524429642	-0.0457218289	0.1269571036	0.1055563763	0.3929440379	-0.0638921857	0.0020465546	-0.1248635426	-0.0266894158	-0.0372313634	0.0799659416	0.1063844711	0.1385166049	-0.0774297044	-0.0954124629	-0.1616966724	-0.0357555822	-0.0320085473	-0.0774924755	0.0236765891	-0.1885054857	-0.0374299362	-0.0963116363	-0.1073441654	0.1684556007	-0.1902251542	0.2329164296	0.0075566736	-0.1862346530	-0.0521968044	-0.0364331156	0.0579673275	0.0067285802	-0.0016433410	-0.0192231201	-0.0128017878	-0.0996741056	-0.1183317229	-0.0715546981	0.1302839667	0.0036525936	0.2085558474	0.3421006799	0.1849171966	0.0851174146	0.1357395351	-0.0320117474	-0.1071707085	
0.5166561007	0.3775413334	0.5231841803	-0.1522914618	-0.2076006979	-0.2876024544	0.0377715752	-0.1500951350	-0.3723578453	-0.0301835127	-0.0457705334	-0.0618203692	-0.0510137528	-0.0214884784	-0.0180617981	-0.0034650094	0.1432339102	0.2295160741	0.1689082831	0.1419188529	0.1909318119	0.0318607353	0.0744197294	0.1035030112	-0.0638336837	-0.0226221830	-0.0307055395	

4952
-0.9943469763	-0.0444342382	0.0964350775	0.0000000000
-0.0524807796	0.9952021837	-0.0825742483	0.0000000000
-0.0923032761	-0.0871684402	-0.9919081926	0.0000000000
-0.0283330642	0.0957716554	2.3267478943	1.0000000000
0.0010466935	0.0436398014	-0.1002998054	0.1991627514	0.0748212561	0.2071948051	0.0695895627	-0.0454967953	-0.1571395248	-0.0377767980	-0.1760329753	0.0393819027	0.2249150127	0.0383608490	0.2167354077	0.0817617625	0.0149754761	0.0102047129	-0.1246998906	-0.1514281780	0.0344419107	-0.0395472609	0.0075759874	0.0845509246	-0.2401838750	-0.1713715643	-0.1337491423	-0.1099864542	-0.0608686544	-0.0458514877	0.1398995966	0.0975545719	0.3678460717	-0.0591736883	0.0004014580	-0.1226148158	-0.0297465231	-0.0202294886	0.0925651118	0.1090543121	0.1418586224	-0.0559048988	-0.0905008391	-0.1517578214	-0.0392758921	-0.0249198526	-0.0861556977	0.0190194957	-0.1878277063	-0.0354662128	-0.1030607522	-0.1097272784	0.1700885892	-0.1952510029	0.2333394885	0.0036850660	-0.1763726473	-0.0447174646	-0.0384241268	0.0563060753	0.0233713072	0.0069591105	-0.0097146351	-0.0201042965	-0.1135619953	-0.1182924956	-0.0749227479	0.1326270998	0.0124636712	0.2081820816	0.3418820500	0.1860531569	0.0972878858	0.1453497708	-0.0255715959	-0.1132521182	
0.5149387717	0.3772295117	0.5207384825	-0.1520915627	-0.2066305876	-0.2874825597	0.0355839431	-0.1513682008	-0.3754626513	-0.0257794186	-0.0439148806	-0.0606310517	-0.0509452336	-0.0189064704	-0.0125716692	-0.0083619319	0.1435001791	0.2288882881	0.1686776578	0.1423055530	0.1911498606	0.0270589981	0.0725932494	0.1006547287	-0.0623957217	-0.0218597427	-0.0280596390	

4953
-0.9942346811	-0.0431818478	0.0981462598	0.0000000000
-0.0512894019	0.9953409433	-0.0816438571	0.0000000000
-0.0941634625	-0.0862070173	-0.9918173552	0.0000000000
-0.0283539332	0.0957758725	2.3269135952	1.0000000000
0.0000195773	0.0175945871	-0.1158815473	0.1637421548	0.0319172740	0.1756264865	0.0434419625	-0.0765379518	-0.1744303703	-0.0706643313	-0.1963583976	0.0419561639	0.2325829715	0.0462799706	0.2337995619	0.0630656704	-0.0072606960	0.0147354705	-0.1105083227	-0.1534301639	-0.0219259150	-0.0828861147	-0.0114870667	0.0533610061	-0.2431266606	-0.1757633984	-0.1451427937	-0.1136654168	-0.1088210493	-0.0741741061	0.1195992678	0.0561453775	0.3269380629	-0.0386714004	-0.0023009558	-0.1543924361	-0.0510248765	0.0039814753	0.0907178298	0.0982618183	0.1471816301	-0.0883496404	-0.1019886285	-0.1792932749	-0.0362007096	-0.0445033126	-0.0950210243	0.0210522711	-0.1758300662	-0.0375265665	-0.0941825956	-0.1106592417	0.1654233634	-0.1914632618	0.2473584563	0.0034721063	-0.1757361144	-0.0482859239	-0.0514416248	0.0555664822	0.0243827626	0.0049591670	-0.0107110897	-0.0234205239	-0.1193269640	-0.1198968440	-0.0716598779	0.1268304139	0.0288540740	0.2141665071	0.3622390628	0.1752433628	0.0991148353	0.1428598464	-0.0146069061	-0.1032136679	
0.5164355040	0.3775066733	0.5222346783	-0.1500985026	-0.2050796598	-0.2829678953	0.0366969258	-0.1519313157	-0.3744686842	-0.0240609460	-0.0433107726	-0.0607924312	-0.0485130623	-0.0192023739	-0.0146794794	-0.0090090409	0.1425773650	0.2238120586	0.1694893837	0.1429251879	0.1922077239	0.0273828320	0.0722528547	0.1041418090	-0.0610305816	-0.0204537567	-0.0284827594	

4954
-0.9941158891	-0.0434291139	0.0992341787	0.0000000000
-0.0515561625	0.9953914285	-0.0808575526	0.0000000000
-0.0952652767	-0.0854979157	-0.9917734861	0.0000000000
-0.0283664614	0.0957203209	2.3270306587	1.0000000000
0.0000630248	0.0312638469	-0.1324513406	0.1613707542	0.0305513721	0.1628591567	0.0428975709	-0.0613837950	-0.1611511409	-0.0879947990	-0.2157366574	0.0473204218	0.2318173200	0.0534506477	0.2572461665	0.0612394437	0.0126291942	0.0076482170	-0.1378198713	-0.1663852334	-0.0368184559	-0.0849871188	-0.0016796403	0.0652623475	-0.2532541752	-0.1736681461	-0.1562300473	-0.1147468165	-0.0863153860	-0.0503391102	0.1069424152	0.0602283925	0.3309968710	-0.0305082425	-0.0042507239	-0.1439049244	-0.0526887923	0.0324900746	0.1211108267	0.1082854867	0.1250036359	-0.0727186501	-0.1154836789	-0.1792835444	-0.0679232776	-0.0500073209	-0.1031531692	0.0227216631	-0.1604121774	-0.0653498992	-0.0828160942	-0.1400187463	0.1418602914	-0.2218431979	0.2360579371	-0.0066831280	-0.1778994799	-0.0566855296	-0.0562973917	0.0324777104	0.0141644869	0.0090486147	-0.0139796669	-0.0238830708	-0.1239780635	-0.1129645184	-0.0711156428	0.1058798507	0.0538836680	0.2210437357	0.3691314161	0.1757133901	0.1005994603	0.1434236914	-0.0149198910	-0.1179433241	
0.5176298618	0.3794451356	0.5237902999	-0.1493077874	-0.2029611319	-0.2818307877	0.0365456529	-0.1519834399	-0.3751207292	-0.0233020373	-0.0435321853	-0.0612855330	-0.0511530899	-0.0224641431	-0.0149842557	-0.0089879781	0.1321295798	0.2231317908	0.1678318679	0.1415540874	0.1893426925	0.0274845790	0.0740616098	0.1032291129	-0.0666409284	-0.0238794331	-0.0330498740	

4955
-0.9941493869	-0.0428608842	0.0991461724	0.0000000000
-0.0510003343	0.9954024553	-0.0810734481	0.0000000000
-0.0952154547	-0.0856556073	-0.9917646646	0.0000000000
-0.0283367969	0.0956410095	2.3259990215	1.0000000000
0.0000946345	0.0274842307	-0.1467158198	0.1594806463	0.0199136138	0.1581370831	0.0405232161	-0.0683993623	-0.1655969620	-0.1190651506	-0.2246281207	0.0623084567	0.2317068577	0.0529621765	0.2849747539	0.0747645795	0.0284234770	-0.0040830830	-0.1326781213	-0.1336181164	-0.0567349643	-0.1001457274	-0.0308891460	0.0545855835	-0.2448687702	-0.1650584489	-0.1611857563	-0.1170755401	-0.1036828905	-0.0465618372	0.0830738172	0.0566117838	0.3332342505	-0.0310589615	-0.0087902341	-0.1522388011	-0.0339327604	0.0515276864	0.1643400192	0.1068874821	0.1302750260	-0.0625427440	-0.1012413055	-0.1672769934	-0.0823969990	-0.0384670943	-0.1159742177	0.0324825794	-0.1580184400	-0.0746275559	-0.0817215294	-0.1710492969	0.1208038926	-0.2549480200	0.2317920476	-0.0485030822	-0.1992922276	-0.0657034144	-0.0598017313	-0.0038275633	-0.0066733914	0.0170471836	-0.0118536931	-0.0272701904	-0.1266713142	-0.1094546691	-0.0748519897	0.0980974957	0.0776044056	0.2163958549	0.3920690417	0.1793710738	0.1203007475	0.1452409327	-0.0203345921	-0.1318651140	
0.5191174150	0.3803769648	0.5252413154	-0.1467969716	-0.2000408173	-0.2811864913	0.0369379111	-0.1521632969	-0.3744145036	-0.0229451377	-0.0435994230	-0.0610468276	-0.0509110726	-0.0209348015	-0.0121683413	-0.0135024749	0.1288237274	0.2229835391	0.1664736271	0.1403292120	0.1886317730	0.0282942094	0.0751546845	0.1044104844	-0.0735578015	-0.0267864540	-0.0381898582	

4956
-0.9941452146	-0.0413742810	0.0998167247	0.0000000000
-0.0495691821	0.9954752326	-0.0810675099	0.0000000000
-0.0960109681	-0.0855407193	-0.9916979074	0.0000000000
-0.0282803904	0.0954572782	2.3227307796	1.0000000000
