 -0.996637 -0.0602446  0.0555521  -0.151165
-0.0631142    0.99668 -0.0514353  0.0208602
-0.0522689 -0.0547684   -0.99713    2.33814
         0          0         -0          1
 -0.996717 -0.0607436  0.0535314  -0.146736
-0.0634021   0.996762 -0.0494468  0.0163211
-0.0503545 -0.0526784  -0.997341    2.34098
         0          0         -0          1
 -0.996243 -0.0639894  0.0583574  -0.158521
-0.0671319   0.996304   -0.05358  0.0265706
-0.0547132 -0.0572963  -0.996857    2.34329
         0          0         -0          1
 -0.996047 -0.0641781  0.0614153  -0.166019
-0.0676782   0.996094  -0.056717     0.0343
-0.0575354 -0.0606493    -0.9965    2.34351
         0          0         -0          1
 -0.995952 -0.0632621  0.0638615  -0.172017
-0.0670742   0.995977 -0.0594265  0.0408984
-0.0598451 -0.0634694  -0.996188    2.34321
         0          0         -0          1
 -0.995885 -0.0616787  0.0663968  -0.178061
-0.0658236   0.995893 -0.0621619  0.0473664
-0.0622901 -0.0662765  -0.995855    2.34052
         0          0         -0          1
 -0.995788 -0.0615604  0.0679514  -0.181599
-0.0659366   0.995759  -0.064157  0.0520319
-0.0637137 -0.0683672  -0.995624    2.33856
         0          0         -0          1
 -0.995727 -0.0603847  0.0698654   -0.18614
-0.0651023   0.995604 -0.0673416  0.0596468
-0.0654919 -0.0716023  -0.995281     2.3371
         0          0         -0          1
 -0.995683 -0.0594369  0.0712906  -0.189414
-0.0643979   0.995506 -0.0694359  0.0645912
-0.0668431 -0.0737271  -0.995036    2.33515
         0          0         -0          1
 -0.995634 -0.0584063  0.0728154   -0.19284
-0.0635941   0.995441 -0.0710893  0.0684205
-0.0683313 -0.0754096  -0.994809    2.33244
         0          0         -0          1
 -0.995585  -0.057498  0.0741872  -0.195882
-0.0629164   0.995353 -0.0728944  0.0725904
-0.0696512 -0.0772402  -0.994577    2.32965
         0          0         -0          1
 -0.995605 -0.0560543  0.0750307  -0.197842
-0.0616261   0.995343 -0.0741291  0.0755574
 -0.070526 -0.0784271  -0.994422    2.32887
         0          0         -0          1
 -0.995639 -0.0540802  0.0760218  -0.200217
-0.0598488   0.995327  -0.075772  0.0795395
-0.0715688 -0.0799913  -0.994223     2.3283
         0          0         -0          1
 -0.995649 -0.0517807  0.0774747  -0.203677
-0.0577689   0.995344 -0.0771604   0.082857
-0.0731185 -0.0813002  -0.994004    2.32701
         0          0         -0          1
 -0.995617 -0.0502884  0.0788595   -0.20698
-0.0564746    0.99533 -0.0782846  0.0855752
-0.0745545  -0.082395  -0.993807    2.32652
         0          0         -0          1
 -0.995531 -0.0489079  0.0807779  -0.211551
-0.0553418   0.995303 -0.0794324  0.0883258
-0.0765136 -0.0835478  -0.993562    2.32524
         0          0         -0          1
 -0.995366 -0.0481763   0.083222  -0.217205
-0.0548946   0.995248 -0.0804207  0.0905213
-0.0789522 -0.0846165  -0.993281    2.32249
         0          0         -0          1
 -0.995124 -0.0465084  0.0869753  -0.226142
-0.0536347   0.995231 -0.0814779  0.0929922
-0.0827711 -0.0857455  -0.992873    2.32002
         0          0         -0          1
 -0.994901 -0.0453757   0.090073  -0.233335
-0.0528507   0.995196 -0.0824166  0.0950471
-0.0859005 -0.0867568  -0.992519    2.31675
         0          0         -0          1
 -0.994657 -0.0445926  0.0931093  -0.240469
-0.0523606   0.995196 -0.0827257  0.0957207
-0.0889731 -0.0871589  -0.992213    2.31492
         0          0         -0          1
 -0.994347 -0.0444342  0.0964351  -0.248297
-0.0524808   0.995202 -0.0825742  0.0953303
-0.0923033 -0.0871684  -0.991908    2.31365
         0          0         -0          1
 -0.994235 -0.0431819  0.0981463  -0.252433
-0.0512894   0.995341 -0.0816438  0.0931943
-0.0941635  -0.086207  -0.991817    2.31346
         0          0         -0          1
 -0.994116 -0.0434291  0.0992342  -0.254963
-0.0515562   0.995391 -0.0808576  0.0914163
-0.0952653 -0.0854979  -0.991773    2.31337
         0          0         -0          1
 -0.994149 -0.0428609  0.0991462  -0.254686
-0.0510003   0.995402 -0.0810734  0.0919303
-0.0952155 -0.0856556  -0.991765    2.31234
         0          0         -0          1
 -0.994145 -0.0413743  0.0998167  -0.256013
-0.0495692   0.995475 -0.0810675  0.0918708
 -0.096011 -0.0855407  -0.991698     2.3089
         0          0         -0          1
 -0.994132 -0.0393104   0.100776  -0.258119
-0.0475503   0.995603 -0.0807112  0.0912324
-0.0971597 -0.0850295   -0.99163    2.30665
         0          0         -0          1
 -0.993988 -0.0400035    0.10192  -0.260404
 -0.048378   0.995534 -0.0810664  0.0921591
-0.0982215 -0.0855097  -0.991484     2.3047
         0          0         -0          1
 -0.993873 -0.0398778   0.103087  -0.262873
 -0.048469   0.995435 -0.0822245  0.0950254
-0.0993374 -0.0867172  -0.991268    2.30381
         0          0         -0          1
 -0.993532 -0.0424906   0.105305  -0.267873
 -0.051335   0.995247  -0.082752  0.0964221
 -0.101289 -0.0876226  -0.990991    2.30565
         0          0         -0          1
 -0.992892 -0.0465602   0.109537    -0.2778
-0.0559989   0.994829 -0.0847332   0.101335
 -0.105025 -0.0902648  -0.990365    2.30919
         0          0         -0          1
 -0.991815 -0.0520951   0.116573  -0.294296
-0.0628874   0.993872 -0.0909019   0.116314
 -0.111124 -0.0974889  -0.989013    2.31179
         0          0         -0          1
 -0.990749 -0.0543408    0.12435  -0.312236
-0.0671136   0.992625  -0.100947   0.140383
 -0.117948  -0.108358   -0.98709    2.30939
         0          0         -0          1
  -0.98948 -0.0544311   0.134039  -0.335023
-0.0707294   0.990251  -0.120001   0.186409
 -0.126201  -0.128219  -0.983683    2.30573
         0          0         -0          1
 -0.988405 -0.0489589    0.14373  -0.357314
-0.0693439   0.987658  -0.140439   0.235117
  -0.13508  -0.148777  -0.979601    2.29583
         0          0         -0          1
 -0.987108 -0.0417675   0.154508  -0.382683
-0.0672373   0.984251  -0.163492   0.290677
 -0.145246  -0.171773   -0.97437    2.28656
         0          0         -0          1
 -0.985796 -0.0381484   0.163559  -0.403555
-0.0698407   0.978779   -0.19265   0.361541
 -0.152739  -0.201337   -0.96754    2.27403
         0          0         -0          1
 -0.984332 -0.0336245   0.173092   -0.42448
-0.0723888   0.972172  -0.222806   0.433457
 -0.160783  -0.231845  -0.959373    2.25306
         0          0         -0          1
 -0.983179 -0.0343774    0.17938   -0.43748
-0.0794573   0.964824  -0.250599   0.499661
 -0.164455  -0.260637  -0.951327    2.23313
         0          0         -0          1
 -0.981924 -0.0308598   0.186745  -0.453783
 -0.081391   0.959586   -0.26939   0.544369
 -0.170884   -0.27972  -0.944752    2.21659
         0          0         -0          1
 -0.980757 -0.0275264   0.193281  -0.465645
-0.0823884   0.955893  -0.281925   0.570358
 -0.176995  -0.292424  -0.939766    2.19263
         0          0         -0          1
  -0.98022 -0.0200263   0.196894  -0.472125
-0.0771516   0.954826  -0.286977   0.579837
 -0.182252  -0.296491  -0.937485    2.17977
         0          0         -0          1
 -0.979931 -0.0169148   0.198616  -0.475377
-0.0748601   0.954688   -0.28804   0.581336
 -0.184744  -0.297128  -0.936795    2.17529
         0          0         -0          1
 -0.978706  -0.012111   0.204911  -0.488734
-0.0722476   0.954706  -0.288646    0.58088
 -0.192134  -0.297304  -0.935251    2.16681
         0          0         -0          1
   -0.97747 -0.00647802    0.210975   -0.502075
 -0.0688883    0.954588   -0.289857    0.582721
  -0.199516    -0.29786   -0.933527     2.16012
          0           0          -0           1
 -0.976261 -0.0041612   0.216558  -0.513992
-0.0684928   0.954441  -0.290431   0.582997
 -0.205484  -0.298369  -0.932069    2.15439
         0          0         -0          1
  -0.975831 -0.00296676    0.218508   -0.516249
 -0.0679549    0.954453    -0.29052    0.580564
  -0.207693   -0.298347   -0.931586     2.14518
          0           0          -0           1
 -0.975529 -0.0039455   0.219837  -0.517784
  -0.06932   0.954367   -0.29048   0.578928
 -0.208659  -0.298611  -0.931286    2.14025
         0          0         -0          1
   -0.975473 -0.000249464     0.220118    -0.518743
  -0.0653332     0.955264    -0.288448     0.574564
   -0.210198    -0.295754    -0.931851      2.14314
           0            0           -0            1
  -0.97532 0.00457197   0.220751  -0.521369
 -0.060315   0.956243  -0.286288   0.570797
   -0.2124  -0.292537  -0.932367     2.1487
         0          0         -0          1
 -0.975263 0.00559722   0.220976  -0.521759
-0.0590112   0.956805  -0.284678   0.566991
 -0.213024  -0.290676  -0.932807    2.15014
         0          0         -0          1
-0.975388 0.0071933  0.220378 -0.521004
-0.056901  0.957403 -0.283093  0.564089
-0.213027 -0.288666  -0.93343   2.15445
        0         0        -0         1
 -0.975582 0.00846572   0.219474  -0.518905
-0.0549512   0.958069  -0.281218   0.559622
 -0.212652  -0.286412   -0.93421    2.15608
         0          0         -0          1
 -0.975952  0.0107353    0.21772  -0.514229
-0.0511745    0.95959   -0.27671   0.547964
 -0.211892  -0.281198  -0.935964    2.15635
         0          0         -0          1
 -0.976146  0.0133877   0.216702  -0.510965
-0.0466326   0.961875  -0.269483   0.529465
 -0.212048  -0.273161  -0.938307    2.15603
         0          0         -0          1
 -0.975769  0.0150679   0.218286  -0.514668
-0.0439414   0.963807  -0.262954   0.513866
 -0.214348  -0.266174  -0.939791    2.15764
         0          0         -0          1
 -0.975332   0.017266   0.220066  -0.518906
-0.0408615   0.965585  -0.256857   0.499136
 -0.216927  -0.259513  -0.941061     2.1582
         0          0         -0          1
  -0.97487  0.0161867   0.222185  -0.524311
-0.0414424    0.96677  -0.252266   0.488832
 -0.218885  -0.255135  -0.941804    2.16096
         0          0         -0          1
 -0.974776  0.0138275   0.222756  -0.526154
-0.0433153   0.967381  -0.249597    0.48334
 -0.218941   -0.25295  -0.942381    2.16457
         0          0         -0          1
 -0.975951  0.0116007   0.217681  -0.514335
-0.0439687   0.967584  -0.248694   0.481572
  -0.21351  -0.252284  -0.943804    2.16875
         0          0         -0          1
 -0.978069 0.00690268   0.208168  -0.491165
-0.0446557    0.96926  -0.241953   0.465528
 -0.203439  -0.245943  -0.947694    2.17613
         0          0         -0          1
  -0.979699 -0.00135764     0.20047   -0.471412
 -0.0478404     0.97267    -0.22721    0.429757
  -0.194682   -0.232188   -0.952989     2.18386
          0           0          -0           1
    -0.9808 -0.00759685    0.194869   -0.456183
 -0.0501885    0.975416   -0.214579    0.398257
  -0.188449   -0.220239   -0.957069     2.18518
          0           0          -0           1
 -0.981532 -0.0193855   0.190313  -0.444272
-0.0579039    0.97829  -0.198988   0.361452
 -0.182324  -0.206333  -0.961345    2.19221
         0          0         -0          1
 -0.981618 -0.0385204   0.186931  -0.435691
-0.0728437   0.980894  -0.180388   0.318835
 -0.176411  -0.190689  -0.965669    2.20467
         0          0         -0          1
 -0.981119 -0.0576448   0.184615   -0.43041
-0.0887244    0.98233  -0.164792   0.283959
 -0.171853   -0.17806  -0.968897    2.21871
         0          0         -0          1
 -0.980331 -0.0755102   0.182343  -0.425371
 -0.103765    0.98311  -0.150756   0.252651
  -0.16788  -0.166712  -0.971609    2.23237
         0          0         -0          1
 -0.980654 -0.0802902   0.178523    -0.4182
    -0.106   0.984535  -0.139484   0.227996
 -0.164562  -0.155709  -0.973999    2.24692
         0          0         -0          1
 -0.981534 -0.0801043   0.173707  -0.408383
 -0.103272   0.986289  -0.128718   0.203963
 -0.161015   -0.14428  -0.976349    2.25764
         0          0         -0          1
 -0.983188 -0.0723217   0.167665  -0.395909
-0.0930157   0.988522  -0.119049   0.182058
  -0.15713  -0.132643   -0.97863    2.26668
         0          0         -0          1
 -0.984866 -0.0609326   0.162254  -0.384745
 -0.079816   0.990438  -0.112529   0.167357
 -0.153845  -0.123776  -0.980312    2.27169
         0          0         -0          1
 -0.986105 -0.0515212   0.157933  -0.376361
-0.0692873   0.991609  -0.109133   0.160389
 -0.150985  -0.118559  -0.981401    2.27886
         0          0         -0          1
 -0.986902 -0.0459812   0.154629  -0.370488
-0.0628506   0.992374   -0.10604   0.154411
 -0.148574   -0.11437  -0.982265    2.28818
         0          0         -0          1
 -0.987375 -0.0446039   0.151988  -0.365345
-0.0608676   0.992703  -0.104092   0.150691
 -0.146237  -0.112029  -0.982886    2.29424
         0          0         -0          1
 -0.987712 -0.0451897   0.149609  -0.360231
-0.0613074   0.992587  -0.104936   0.153267
 -0.143758  -0.112819  -0.983161    2.29746
         0          0         -0          1
  -0.98805 -0.0461775   0.147054  -0.354274
-0.0622164   0.992374  -0.106407    0.15701
 -0.141019  -0.114285  -0.983388    2.29857
         0          0         -0          1
 -0.987858 -0.0498172   0.147153  -0.354628
-0.0662435    0.99184  -0.108925   0.163416
 -0.140526   -0.11735  -0.983098    2.30035
         0          0         -0          1
 -0.987388 -0.0514792   0.149714  -0.361294
-0.0685965   0.991393  -0.111514   0.170025
 -0.142685  -0.120378  -0.982421    2.30258
         0          0         -0          1
 -0.987078 -0.0546774   0.150621   -0.36346
-0.0723585   0.990781  -0.114527   0.177367
 -0.142971  -0.123946  -0.981935    2.30309
         0          0         -0          1
 -0.987369 -0.0549674   0.148598  -0.358901
-0.0730232   0.990215   -0.11892   0.188033
 -0.140607  -0.128269  -0.981721    2.30428
         0          0         -0          1
 -0.987792 -0.0563913   0.145215  -0.350577
-0.0742995   0.989866  -0.121011    0.19279
 -0.136919  -0.130323  -0.981972    2.30375
         0          0         -0          1
 -0.988087 -0.0589769   0.142145  -0.343046
-0.0767809   0.989406  -0.123214    0.19789
 -0.133372   -0.13266  -0.982147    2.30394
         0          0         -0          1
 -0.988216 -0.0600179   0.140806   -0.33989
-0.0780008   0.988974  -0.125885   0.204215
 -0.131698  -0.135385  -0.982001    2.30382
         0          0         -0          1
 -0.988289 -0.0615959   0.139608  -0.336932
-0.0797907   0.988465  -0.128723   0.210827
 -0.130069  -0.138355  -0.981804    2.30291
         0          0         -0          1
 -0.988173 -0.0629322   0.139835  -0.337387
-0.0813615   0.988137  -0.130251    0.21433
 -0.129979  -0.140087  -0.981571    2.30203
         0          0         -0          1
 -0.988251 -0.0644145     0.1386  -0.334305
-0.0827949   0.987889  -0.131225   0.216347
 -0.128469  -0.141159  -0.981616    2.30111
         0          0         -0          1
 -0.988256 -0.0722433   0.134653  -0.324429
-0.0900314   0.987275  -0.131078   0.215911
  -0.12347  -0.141662  -0.982185    2.30317
         0          0         -0          1
 -0.987945 -0.0855645   0.129012  -0.310048
 -0.102492   0.986089  -0.130855   0.215146
 -0.116021    -0.1425  -0.982971    2.30549
         0          0         -0          1
-0.986643 -0.106442  0.123314 -0.294764
 -0.12253  0.983753 -0.131213  0.215494
-0.107344  -0.14457 -0.983655   2.30556
        0         0        -0         1
 -0.982818  -0.139912   0.120391  -0.285425
 -0.155971   0.978306  -0.136349   0.227495
-0.0987026  -0.152784  -0.983318    2.30455
         0          0         -0          1
  -0.98048  -0.155783   0.119958  -0.283767
 -0.172553   0.974244  -0.145167   0.248408
-0.0942542  -0.163032  -0.982108    2.30099
         0          0         -0          1
 -0.979843  -0.157349   0.123079  -0.291893
 -0.175858    0.97169  -0.157771   0.278802
-0.0947693  -0.176236  -0.979775      2.297
         0          0         -0          1
-0.980495 -0.151664  0.125006  -0.29733
-0.171121  0.971605 -0.163403  0.292068
-0.096674 -0.181607 -0.978608   2.29294
        0         0        -0         1
-0.980973 -0.145656  0.128357 -0.305727
-0.165843  0.972423 -0.163982  0.292672
-0.100933 -0.182149 -0.978077   2.28746
        0         0        -0         1
-0.981937 -0.132909  0.134668 -0.321322
-0.153876  0.975112 -0.159618  0.281061
-0.110102 -0.177457  -0.97795   2.28046
        0         0        -0         1
-0.982522 -0.125908  0.137105 -0.327403
-0.146663  0.977183 -0.153635  0.266118
-0.114633 -0.171058  -0.97857   2.27783
        0         0        -0         1
-0.983985 -0.112862  0.137972 -0.330819
-0.132768  0.980512 -0.144805  0.244932
 -0.11894 -0.160805 -0.979793   2.27944
        0         0        -0         1
-0.984716 -0.105294  0.138737 -0.332901
-0.124313  0.982819 -0.136427  0.224519
-0.121988 -0.151588 -0.980887   2.27739
        0         0        -0         1
 -0.985461 -0.0975142   0.139133  -0.333689
 -0.115602   0.984953  -0.128466   0.205023
 -0.124512  -0.142682  -0.981906    2.27269
         0          0         -0          1
 -0.986957 -0.0823805    0.13831  -0.331546
-0.0992285   0.987839  -0.119699   0.183015
 -0.126767  -0.131862  -0.983129    2.26348
         0          0         -0          1
 -0.988034 -0.0699761    0.13745  -0.331503
-0.0850489   0.990611  -0.107036   0.154175
  -0.12867  -0.117445  -0.984709    2.27215
         0          0         -0          1
 -0.988792 -0.0554198   0.138632  -0.336853
-0.0685896   0.993385  -0.092097   0.119716
 -0.132611  -0.100574  -0.986052    2.28228
         0          0         -0          1
 -0.988993 -0.0473966   0.140169  -0.342776
-0.0591736   0.994949 -0.0810808  0.0944139
 -0.135618 -0.0884826  -0.986802    2.29234
         0          0         -0          1
 -0.988748 -0.0470562   0.141999  -0.349381
-0.0579227    0.99562 -0.0733869  0.0770829
 -0.137924 -0.0807861  -0.987143    2.30474
         0          0         -0          1
 -0.988988 -0.0448835   0.141026  -0.346908
-0.0545932   0.996341 -0.0657524  0.0585137
 -0.137558 -0.0727273   -0.98782    2.30034
         0          0         -0          1
 -0.989429 -0.0460368   0.137517  -0.337602
-0.0545915   0.996759 -0.0590967  0.0421314
 -0.134351 -0.0659792  -0.988735    2.29278
         0          0         -0          1
 -0.989465 -0.0472705    0.13684  -0.335104
-0.0554529   0.996855 -0.0566125  0.0357295
 -0.133734 -0.0636043  -0.988974    2.28565
         0          0         -0          1
 -0.989747 -0.0509499   0.133438  -0.327146
-0.0582745   0.996968 -0.0515714  0.0237717
 -0.130406 -0.0588187  -0.989714    2.28568
         0          0         -0          1
 -0.989966 -0.0555311   0.129938  -0.319111
-0.0621786   0.996926 -0.0476714  0.0145627
 -0.126891 -0.0552724  -0.990376     2.2871
         0          0         -0          1
 -0.990341 -0.0591678   0.125396  -0.309242
-0.0652548   0.996853 -0.0450002 0.00838736
 -0.122339 -0.0527483  -0.991086    2.29301
         0          0         -0          1
 -0.990775 -0.0623138   0.120337  -0.298225
-0.0678659   0.996784 -0.0426005 0.00295437
 -0.117296 -0.0503743  -0.991819    2.29926
         0          0         -0          1
  -0.991166  -0.0640912     0.11611   -0.288838
 -0.0692666    0.996751  -0.0410968 -0.00056929
  -0.113099  -0.0487763   -0.992386     2.30226
          0           0          -0           1
  -0.991581  -0.0664525    0.111131   -0.277288
 -0.0711447    0.996711  -0.0387992 -0.00614784
  -0.108188   -0.046379   -0.993048     2.30241
          0           0          -0           1
  -0.992142   -0.067974    0.105046   -0.263245
 -0.0722681    0.996675  -0.0376222 -0.00905888
   -0.10214   -0.044918   -0.993756     2.30264
          0           0          -0           1
  -0.992726  -0.0695904   0.0982434   -0.247629
 -0.0735606     0.99659  -0.0373813 -0.00962454
  -0.095307  -0.0443362    -0.99446      2.3052
          0           0          -0           1
 -0.993185 -0.0729628  0.0908843  -0.230674
-0.0765752    0.99638 -0.0369112 -0.0107154
-0.0878622 -0.0436191  -0.995177    2.30874
         0          0         -0          1
 -0.993856 -0.0741114  0.0822017  -0.211187
-0.0771377   0.996431 -0.0342677 -0.0167888
-0.0793687  -0.040398  -0.996026    2.31478
         0          0         -0          1
  -0.99424 -0.0745198  0.0770281  -0.199701
-0.0772299   0.996473 -0.0328206 -0.0201265
-0.0743107 -0.0385804  -0.996489    2.31702
         0          0         -0          1
 -0.994576 -0.0725027  0.0745732  -0.194957
-0.0751245   0.996629 -0.0329714 -0.0196358
-0.0719313 -0.0383949   -0.99667     2.3172
         0          0         -0          1
 -0.994382 -0.0753749  0.0743146  -0.195418
-0.0780989    0.99635  -0.034452 -0.0159947
-0.0714465 -0.0400623   -0.99664    2.32251
         0          0         -0          1
 -0.994047 -0.0786664  0.0753866  -0.198853
-0.0813984   0.996106 -0.0338752 -0.0173352
-0.0724282 -0.0398098  -0.996579    2.32717
         0          0         -0          1
 -0.993998 -0.0800402  0.0745691  -0.197682
-0.0826993   0.996019 -0.0332768 -0.0188943
-0.0716088 -0.0392439   -0.99666    2.32836
         0          0         -0          1
 -0.994227 -0.0806915  0.0707231  -0.189027
-0.0830921   0.996038 -0.0316803   -0.02297
-0.0678866 -0.0373739  -0.996993     2.3272
         0          0         -0          1
 -0.994535 -0.0801793  0.0668686  -0.180378
-0.0822776   0.996181 -0.0292344 -0.0289737
-0.0642692 -0.0345764  -0.997334    2.32731
         0          0         -0          1
 -0.995026 -0.0782231  0.0616726  -0.168521
-0.0800109   0.996426 -0.0270684 -0.0343407
-0.0593349 -0.0318683  -0.997729    2.32701
         0          0         -0          1
  -0.99534 -0.0781052  0.0565483  -0.156812
-0.0796729   0.996482 -0.0260178  -0.037017
-0.0543172 -0.0304019  -0.998061    2.32881
         0          0         -0          1
 -0.995546 -0.0792067  0.0511227  -0.144352
-0.0805447   0.996446 -0.0246622 -0.0402932
-0.0489876   -0.02867  -0.998388    2.33229
         0          0         -0          1
 -0.995709 -0.0801762  0.0462211  -0.133091
-0.0813598   0.996388 -0.0243186 -0.0411259
-0.0441044 -0.0279747  -0.998635    2.33566
         0          0         -0          1
 -0.995948 -0.0800289  0.0410159  -0.121193
 -0.081138    0.99636 -0.0261268 -0.0367136
-0.0387757 -0.0293489  -0.998817    2.34022
         0          0         -0          1
 -0.996413 -0.0769812  0.0351489   -0.10779
-0.0780769   0.996467 -0.0309423 -0.0248968
-0.0326427 -0.0335757  -0.998903    2.34381
         0          0         -0          1
  -0.996804  -0.0740007   0.0300951  -0.0962726
 -0.0750991    0.996483  -0.0371671 -0.00962043
 -0.0272389  -0.0393084   -0.998856     2.34773
          0           0          -0           1
 -0.996703  -0.077527  0.0239288 -0.0813367
-0.0785529   0.995875 -0.0454167  0.0103789
 -0.020309 -0.0471466  -0.998682    2.35276
         0          0         -0          1
  -0.99688 -0.0766647  0.0187891 -0.0691667
-0.0775899   0.995477  -0.054815  0.0335587
-0.0145018 -0.0561018   -0.99832    2.35696
         0          0         -0          1
  -0.997296  -0.0720238    0.014571  -0.0593879
 -0.0728706    0.994894   -0.069834   0.0703077
-0.00946685   -0.070707   -0.997452     2.35779
          0           0          -0           1
  -0.997512  -0.0693865   0.0124637  -0.0543989
 -0.0702534     0.99309  -0.0939994    0.129225
-0.00585528  -0.0946411   -0.995494     2.35499
          0           0          -0           1
 -0.997585 -0.0684005  0.0120851 -0.0534133
  -0.06934   0.990891   -0.11544   0.181275
-0.0040788     -0.116  -0.993241    2.34946
         0          0         -0          1
  -0.997485   -0.069629   0.0132652  -0.0559899
 -0.0707853    0.988274   -0.135293    0.229647
-0.00368926   -0.135892   -0.990717     2.34735
          0           0          -0           1
  -0.997165  -0.0737469   0.0149206  -0.0594746
 -0.0751696    0.985079   -0.154822    0.277451
-0.00328035   -0.155504    -0.98783     2.34667
          0           0          -0           1
  -0.997081  -0.0745238   0.0166222  -0.0632203
 -0.0762524    0.983142   -0.166183    0.304341
-0.00395745   -0.166965   -0.985955     2.34098
          0           0          -0           1
  -0.996928  -0.0765008   0.0167737  -0.0629599
 -0.0782631    0.981139   -0.176753    0.327933
-0.00293553   -0.177523   -0.984112     2.32872
          0           0          -0           1
  -0.996614  -0.0801903   0.0181828   -0.065704
 -0.0821689    0.979502   -0.183915    0.343817
-0.00306194   -0.184786   -0.982774     2.32079
          0           0          -0           1
  -0.996368  -0.0825599   0.0208626   -0.071681
 -0.0850194    0.978289   -0.189004    0.355079
-0.00480553   -0.190091   -0.981755     2.31524
          0           0          -0           1
  -0.996052  -0.0853055   0.0245476  -0.0800381
 -0.0884454    0.977262   -0.192707    0.363567
-0.00755044   -0.194117   -0.980949     2.31223
          0           0          -0           1
   -0.99581  -0.0871687   0.0276341  -0.0868995
 -0.0909075    0.976371    -0.19605    0.370659
-0.00989172   -0.197741   -0.980205     2.30679
          0           0          -0           1
 -0.995741 -0.0871643  0.0300346 -0.0922081
-0.0914059   0.975874  -0.198282    0.37526
-0.0120269  -0.200183  -0.979685    2.30264
         0          0         -0          1
 -0.996011 -0.0838161  0.0306189 -0.0934945
-0.0882617   0.975858  -0.199777   0.378251
-0.0131352  -0.201682  -0.979363    2.29941
         0          0         -0          1
 -0.996184 -0.0813154  0.0316975 -0.0958414
-0.0860416   0.975887  -0.200604   0.379766
 -0.014621  -0.202566   -0.97916    2.29708
         0          0         -0          1
  -0.99629 -0.0796822  0.0325229 -0.0976229
-0.0845993   0.976137  -0.200001   0.377862
-0.0158103   -0.20201  -0.979256    2.29528
         0          0         -0          1
 -0.996344 -0.0783979  0.0339398  -0.100825
 -0.083623    0.97627  -0.199759   0.376624
-0.0174737  -0.201867  -0.979257    2.29223
         0          0         -0          1
  -0.99627 -0.0786093  0.0355946   -0.10459
  -0.08414   0.976482  -0.198501    0.37336
-0.0191535  -0.200755  -0.979454    2.29194
         0          0         -0          1
 -0.996268  -0.077989  0.0369955  -0.107837
-0.0837736   0.976895  -0.196615    0.36883
-0.0208069  -0.198981  -0.979783    2.29291
         0          0         -0          1
  -0.99628 -0.0773867  0.0379242  -0.109989
 -0.083315   0.977409  -0.194244   0.363246
-0.0220355  -0.196681   -0.98022    2.29487
         0          0         -0          1
 -0.996096 -0.0798776  0.0375677  -0.108743
-0.0856078    0.97794  -0.190539   0.354059
-0.0215192  -0.193011  -0.980961    2.29592
         0          0         -0          1
 -0.996072 -0.0803871  0.0371287  -0.107525
-0.0859504   0.978562  -0.187159   0.345691
-0.0212876  -0.189615  -0.981628    2.29678
         0          0         -0          1
 -0.996247 -0.0779094  0.0377089  -0.108899
-0.0834905   0.979886  -0.181251   0.331349
-0.0228293  -0.183719  -0.982714    2.29872
         0          0         -0          1
 -0.996611 -0.0728471  0.0382127   -0.11035
-0.0784843   0.981176  -0.176446   0.320062
-0.0246398  -0.178847  -0.983568    2.30161
         0          0         -0          1
 -0.996616 -0.0719333  0.0397675  -0.114277
  -0.07785   0.981315  -0.175957   0.320032
-0.0263672  -0.178458  -0.983594    2.30795
         0          0         -0          1
 -0.996711 -0.0712814  0.0385645  -0.110847
-0.0769252   0.981856  -0.173322    0.31169
-0.0255101  -0.175719   -0.98411    2.29812
         0          0         -0          1
 -0.996697 -0.0720909  0.0373756  -0.107429
-0.0774022   0.982602  -0.168825   0.299529
-0.0245546   -0.17116  -0.984937    2.29282
         0          0         -0          1
 -0.996953 -0.0687476  0.0368677  -0.106152
-0.0738696   0.983875  -0.162891   0.284604
-0.0250749  -0.165118  -0.985955    2.29139
         0          0         -0          1
 -0.997086 -0.0668183  0.0368092  -0.106041
-0.0718513   0.984686  -0.158844   0.274923
-0.0256319  -0.161026  -0.986617     2.2929
         0          0         -0          1
 -0.997216  -0.064926  0.0366737  -0.105803
 -0.069889   0.985263  -0.156114   0.268506
-0.0259974  -0.158242  -0.987058     2.2947
         0          0         -0          1
 -0.997159 -0.0659702  0.0363653  -0.104951
-0.0707924   0.985679  -0.153055   0.261691
-0.0257474  -0.155195  -0.987548     2.2996
         0          0         -0          1
 -0.997044 -0.0673627   0.036966  -0.106224
-0.0722168    0.98584   -0.15134   0.258271
-0.0262479  -0.153562   -0.98779     2.3048
         0          0         -0          1
 -0.996965 -0.0680807  0.0377704  -0.108129
-0.0730379    0.98585  -0.150879   0.257736
 -0.026964   -0.15318   -0.98783    2.30852
         0          0         -0          1
 -0.997029 -0.0663145  0.0391838  -0.111674
-0.0714835   0.986093  -0.150033   0.256432
-0.0286895  -0.152389  -0.987904    2.31254
         0          0         -0          1
 -0.997089 -0.0644228  0.0407876  -0.115727
-0.0698222   0.986384    -0.1489   0.254501
-0.0306397  -0.151315  -0.988011    2.31772
         0          0         -0          1
 -0.997168  -0.062905  0.0412141  -0.116911
-0.0683671   0.986572  -0.148329   0.253623
-0.0313301  -0.150726  -0.988079    2.32162
         0          0         -0          1
 -0.997226 -0.0617381  0.0415773  -0.117797
-0.0672534   0.986714  -0.147894   0.252702
-0.0318942   -0.15028  -0.988129    2.32246
         0          0         -0          1
 -0.997337 -0.0594617   0.042235  -0.119512
-0.0651246   0.986745  -0.148636   0.254574
 -0.032837  -0.150991   -0.98799     2.3226
         0          0         -0          1
  -0.99749 -0.0565892  0.0425515  -0.120393
-0.0623745   0.986727  -0.149933   0.257499
-0.0335021  -0.152211   -0.98778    2.32043
         0          0         -0          1
 -0.997636  -0.053618  0.0429915  -0.121577
-0.0595372    0.98675  -0.150933    0.25978
-0.0343291  -0.153136  -0.987609    2.31888
         0          0         -0          1
 -0.997807 -0.0499149  0.0434648  -0.122911
-0.0559558   0.986921  -0.151179    0.26029
-0.0353503   -0.15328   -0.98755    2.31768
         0          0         -0          1
 -0.997855 -0.0479627  0.0445501  -0.125543
-0.0541956   0.987002  -0.151292   0.260348
-0.0367147  -0.153382  -0.987485      2.316
         0          0         -0          1
 -0.997945 -0.0438546    0.04671  -0.130916
-0.0504646   0.987197  -0.151312   0.260217
-0.0394762  -0.153359  -0.987382    2.31439
         0          0         -0          1
 -0.997907  -0.042564  0.0486902  -0.135711
-0.0494618   0.987358  -0.150592   0.258584
-0.0416649  -0.152685  -0.987396    2.31539
         0          0         -0          1
 -0.997854 -0.0423311  0.0499542  -0.138665
-0.0493681    0.98756   -0.14929    0.25536
-0.0430132  -0.151436  -0.987531    2.31499
         0          0         -0          1
  -0.99774 -0.0439943  0.0507943   -0.14038
-0.0509998   0.987957  -0.146081   0.247334
-0.0437558  -0.148342  -0.987968    2.31407
         0          0         -0          1
 -0.997579 -0.0461736  0.0520112  -0.142976
-0.0531946   0.988307  -0.142895   0.239601
-0.0448051  -0.145316   -0.98837    2.31389
         0          0         -0          1
 -0.997525  -0.046705  0.0525622  -0.143949
-0.0535842   0.988959  -0.138165   0.227792
-0.0455289  -0.140639  -0.989014    2.31085
         0          0         -0          1
 -0.997529 -0.0463806  0.0527673  -0.144326
-0.0530728   0.989633  -0.133452   0.216547
-0.0460307  -0.135923  -0.989649    2.31125
         0          0         -0          1
 -0.997572 -0.0447943  0.0533183  -0.145808
 -0.051319   0.990436  -0.128072   0.204144
-0.0470715  -0.130497  -0.990331    2.31459
         0          0         -0          1
 -0.997486 -0.0466836  0.0533045  -0.145687
-0.0529555   0.990986  -0.123059   0.192363
-0.0470791  -0.125572  -0.990967    2.31751
         0          0         -0          1
 -0.997357 -0.0489882   0.053658  -0.146488
 -0.055084   0.991396  -0.118746    0.18253
-0.0473791  -0.121387  -0.991474    2.32147
         0          0         -0          1
 -0.997241 -0.0515138  0.0534427  -0.145988
-0.0574632   0.991524  -0.116529   0.177725
-0.0469869  -0.119278  -0.991748    2.32506
         0          0         -0          1
 -0.997226 -0.0523461   0.052925  -0.144988
 -0.058218   0.991507  -0.116294   0.177806
 -0.046388  -0.119053  -0.991804    2.32927
         0          0         -0          1
 -0.997274 -0.0511738  0.0531621  -0.145824
-0.0572251     0.9912  -0.119363   0.185557
-0.0465861   -0.12208  -0.991426    2.33067
         0          0         -0          1
 -0.997321 -0.0491659  0.0541647   -0.14835
-0.0557153   0.990346  -0.126923   0.203534
-0.0474015  -0.129601  -0.990433    2.32619
         0          0         -0          1
 -0.997344 -0.0474999  0.0552183  -0.151144
-0.0546122   0.989286  -0.135393   0.223948
-0.0481956  -0.138049  -0.989252    2.32412
         0          0         -0          1
  -0.99725 -0.0466059  0.0576156  -0.157429
-0.0547316   0.987377  -0.148633   0.256983
-0.0499611  -0.151378  -0.987213     2.3274
         0          0         -0          1
 -0.997038 -0.0508452  0.0577003  -0.157408
-0.0596599   0.984805  -0.163094   0.292259
 -0.048531  -0.166054  -0.984922    2.32554
         0          0         -0          1
 -0.996898 -0.0531927  0.0580057  -0.157942
-0.0627501   0.982051  -0.177869   0.327979
-0.0475032  -0.180957  -0.982343     2.3204
         0          0         -0          1
 -0.996502 -0.0599961   0.058174  -0.157596
  -0.07008   0.979159  -0.190621   0.358634
 -0.045525  -0.194031  -0.979939     2.3139
         0          0         -0          1
 -0.996227 -0.0643957  0.0581867  -0.157081
-0.0748253   0.976957  -0.199893   0.380712
-0.0439737  -0.203492  -0.978088     2.3082
         0          0         -0          1
 -0.996014 -0.0667658  0.0591501  -0.159222
-0.0778704   0.974262   -0.21154    0.40916
-0.0435041  -0.215303  -0.975578    2.30342
         0          0         -0          1
 -0.995981 -0.0658252  0.0607358  -0.162882
-0.0776874   0.972378  -0.220104   0.429158
-0.0445698  -0.223938  -0.973584    2.29589
         0          0         -0          1
 -0.996062 -0.0645864  0.0607353  -0.162539
-0.0767898   0.970883  -0.226913   0.444087
-0.0443114  -0.230683  -0.972019    2.28608
         0          0         -0          1
 -0.996058 -0.0648036  0.0605735  -0.161925
-0.0771309   0.969987    -0.2306   0.452153
-0.0438117  -0.234363  -0.971161    2.28089
         0          0         -0          1
 -0.996053 -0.0655984  0.0597992  -0.159733
-0.0777586   0.969744  -0.231408   0.453097
-0.0428099  -0.235145  -0.971017    2.27646
         0          0         -0          1
 -0.996089 -0.0644009  0.0604864  -0.161186
-0.0767183    0.97002  -0.230599   0.450225
-0.0438222  -0.234338  -0.971167    2.27265
         0          0         -0          1
 -0.996077 -0.0629491  0.0622019  -0.165195
-0.0756594   0.970345  -0.229579   0.447329
-0.0459055  -0.233384  -0.971301    2.27064
         0          0         -0          1
 -0.995959 -0.0629738  0.0640328  -0.169469
-0.0760848   0.970444  -0.229018   0.446079
-0.0477181  -0.232965  -0.971314    2.27122
         0          0         -0          1
 -0.995818 -0.0638086  0.0653895  -0.172798
-0.0771511    0.97066  -0.227744   0.443903
-0.0489389  -0.231836  -0.971523    2.27603
         0          0         -0          1
 -0.995687  -0.064891  0.0663106  -0.174869
-0.0783675   0.970806  -0.226705   0.441499
-0.0496636  -0.230924  -0.971704    2.27738
         0          0         -0          1
 -0.995662 -0.0649938  0.0665774  -0.175099
 -0.078431   0.971246  -0.224788    0.43565
-0.0500532  -0.229035  -0.972131    2.27333
         0          0         -0          1
  -0.99566 -0.0652793  0.0663311  -0.174326
-0.0785985   0.971478  -0.223725   0.432583
-0.0498346  -0.227968  -0.972393    2.27173
         0          0         -0          1
  -0.99564 -0.0649895  0.0669104  -0.175779
-0.0784009   0.971704  -0.222813   0.430447
-0.0505366  -0.227087  -0.972562    2.27261
         0          0         -0          1
 -0.995564 -0.0637256  0.0692162  -0.182113
-0.0776184   0.972078  -0.221449   0.429386
-0.0531716  -0.225839  -0.972713    2.28303
         0          0         -0          1
  -0.99532 -0.0646774  0.0717947  -0.189817
-0.0793109   0.971223  -0.224578   0.441532
-0.0552035  -0.229222  -0.971808     2.3012
         0          0         -0          1
 -0.995163 -0.0679136   0.070979  -0.186763
-0.0821492   0.971534  -0.222199   0.432647
-0.0538682  -0.226955  -0.972414    2.29038
         0          0         -0          1
 -0.995224 -0.0692192  0.0688356  -0.180267
 -0.082688   0.972543  -0.217539   0.417287
-0.0518877  -0.222192  -0.973621    2.27544
         0          0         -0          1
  -0.99516 -0.0700881  0.0688806  -0.180145
-0.0831363   0.974192   -0.20985   0.398351
 -0.052395  -0.214561  -0.975304    2.27733
         0          0         -0          1
 -0.995349 -0.0675345  0.0687048  -0.179646
-0.0801695   0.976107  -0.201961   0.378325
-0.0534239   -0.20653  -0.976981    2.27587
         0          0         -0          1
 -0.995383 -0.0660548  0.0696444  -0.182168
-0.0785086   0.977703  -0.194762   0.361531
-0.0552266  -0.199331  -0.978375    2.28051
         0          0         -0          1
 -0.995119 -0.0708337   0.068713  -0.179846
-0.0826288   0.978745  -0.187698   0.345273
-0.0539571   -0.19246   -0.97982    2.28701
         0          0         -0          1
 -0.994726 -0.0790927  0.0653046  -0.171357
-0.0898637    0.97897  -0.183148   0.334942
-0.0494455   -0.18805  -0.980914    2.29297
         0          0         -0          1
 -0.994177 -0.0886484  0.0612734  -0.161292
-0.0983247   0.978907  -0.179093   0.325643
-0.0441046  -0.184074  -0.981922    2.29776
         0          0         -0          1
 -0.993443  -0.095196  0.0633108  -0.165746
 -0.105058   0.978565  -0.177125   0.320643
-0.0450921  -0.182615   -0.98215    2.29699
         0          0         -0          1
 -0.993145 -0.0889653  0.0758129  -0.196203
 -0.101177   0.979095  -0.176457   0.319068
-0.0585295  -0.182918  -0.981384    2.29411
         0          0         -0          1
  -0.99282 -0.0679722  0.0984328  -0.251667
-0.0849388   0.979995  -0.179985   0.327678
-0.0842297  -0.187053  -0.978732    2.28613
         0          0         -0          1
 -0.992128 -0.0550777   0.112466  -0.285995
-0.0751107   0.980333    -0.1825   0.334362
 -0.100202  -0.189511  -0.976752    2.28444
         0          0         -0          1
 -0.991517 -0.0498927   0.120018  -0.304416
-0.0717222   0.980101  -0.185088   0.341437
 -0.108395  -0.192126  -0.975366    2.28586
         0          0         -0          1
 -0.991344   -0.04938   0.121647   -0.30825
-0.0721907   0.978947  -0.190925    0.35629
 -0.109658  -0.198054  -0.974038    2.28789
         0          0         -0          1
 -0.991781 -0.0492462   0.118094  -0.299139
-0.0719441   0.977877  -0.196419     0.3691
 -0.105809  -0.203301  -0.973382    2.28535
         0          0         -0          1
 -0.992301 -0.0534442   0.111729  -0.283048
 -0.074937   0.977324  -0.198048   0.372306
-0.0986112  -0.204895  -0.973804     2.2842
         0          0         -0          1
 -0.992655 -0.0589861   0.105622  -0.267642
-0.0789731    0.97734  -0.196394   0.367735
-0.0916438  -0.203293   -0.97482    2.28463
         0          0         -0          1
 -0.992811 -0.0596031   0.103794  -0.263023
-0.0790683   0.977629  -0.194907   0.363579
-0.0898551  -0.201713  -0.975314    2.28306
         0          0         -0          1
